tree
version=v4
num_class=1
num_tree_per_iteration=1
label_index=0
max_feature_idx=263
objective=binary sigmoid:1
feature_names=run_time run_count mpl_time mpl_count ucl_time ucl_count pdl_time pdl_count desconocido_time desconocido_count minor_stoppages_duration minor_stoppages_count speed_loss_duration speed_loss_count measurement_and_adjustment_duration measurement_and_adjustment_count process_failure_time_duration process_failure_time_count idle_time_duration idle_time_count material_availability_at_line-side_loss_duration material_availability_at_line-side_loss_count quality_defect_time_loss_duration quality_defect_time_loss_count maintenance_time_duration maintenance_time_count cleaning_and_sanitation_time_duration cleaning_and_sanitation_time_count changeover_time_duration changeover_time_count cutting_blade_change_duration cutting_blade_change_count breakdown_and_equipment_failure_time_duration breakdown_and_equipment_failure_time_count preparatory_and_close_out_time_losses_duration preparatory_and_close_out_time_losses_count planned_stoppage_time_duration planned_stoppage_time_count breakdown_mechanical_count breakdown_mechanical_duration breakdown_electrical_count breakdown_electrical_duration breakdown_ic_count breakdown_ic_duration adjustment_nivel3_count adjustment_nivel3_duration speed_loss_nivel3_count speed_loss_nivel3_duration minor_stoppages_nivel3_count minor_stoppages_nivel3_duration idle_time_nivel3_count idle_time_nivel3_duration product_changeover_nivel3_count product_changeover_nivel3_duration changing_supplies_nivel3_count changing_supplies_nivel3_duration changing_cutting_elements_nivel3_count changing_cutting_elements_nivel3_duration lack_of_product_or_wip_from_previous_process_nivel3_count lack_of_product_or_wip_from_previous_process_nivel3_duration measurement_nivel3_count measurement_nivel3_duration human_error_nivel3_count human_error_nivel3_duration material_issue_nivel3_count material_issue_nivel3_duration total_events total_duration avg_event_duration max_event_duration pm_count_24h pm_duration_total_24h pm_duration_max_24h pm_count_7d pm_duration_total_7d pm_count_30d pm_duration_total_30d horas_desde_ultimo_pm tiene_historial_pm cm_count_24h cm_duration_total_24h cm_duration_max_24h cm_count_7d cm_duration_total_7d cm_count_30d cm_duration_total_30d horas_desde_ultimo_cm tiene_historial_cm speed_loss_duracion_avg speed_loss_tiempo_pct speed_loss_frecuencia_por_hora speed_loss_severity_score minor_stoppages_duracion_avg minor_stoppages_tiempo_pct minor_stoppages_frecuencia_por_hora minor_stoppages_severity_score process_failure_duracion_avg process_failure_tiempo_pct process_failure_frecuencia_por_hora process_failure_severity_score measurement_adjustment_duracion_avg measurement_adjustment_tiempo_pct measurement_adjustment_frecuencia_por_hora measurement_adjustment_severity_score quality_defects_duracion_avg quality_defects_tiempo_pct quality_defects_frecuencia_por_hora quality_defects_severity_score material_loss_duracion_avg material_loss_tiempo_pct material_loss_frecuencia_por_hora material_loss_severity_score idle_time_duracion_avg idle_time_tiempo_pct idle_time_frecuencia_por_hora idle_time_severity_score breakdown_mechanical_duracion_avg breakdown_mechanical_tiempo_pct breakdown_mechanical_frecuencia_por_hora breakdown_mechanical_severity_score breakdown_electrical_duracion_avg breakdown_electrical_tiempo_pct breakdown_electrical_frecuencia_por_hora breakdown_electrical_severity_score breakdown_ic_duracion_avg breakdown_ic_tiempo_pct breakdown_ic_frecuencia_por_hora breakdown_ic_severity_score minor_stoppages_freq_normalizada total_perdidas_duracion total_perdidas_tiempo_pct diversidad_eventos evento_mas_largo_duracion evento_mas_frecuente_count duracion_eventos_criticos ratio_eventos_criticos_total dias_desde_ultimo_pm dias_desde_ultimo_cm pm_frecuencia_mensual cm_tasa_fallas_mensual mantenimiento_total_duracion_7d minor_stoppages_rolling_2h minor_stoppages_rolling_2h_avg speed_loss_rolling_2h speed_loss_rolling_2h_avg process_failure_rolling_2h process_failure_rolling_2h_avg measurement_adjustment_rolling_2h measurement_adjustment_rolling_2h_avg breakdown_equipment_failure_rolling_2h breakdown_equipment_failure_rolling_2h_avg quality_defect_loss_rolling_2h quality_defect_loss_rolling_2h_avg minor_stoppages_rolling_6h minor_stoppages_rolling_6h_avg speed_loss_rolling_6h speed_loss_rolling_6h_avg process_failure_rolling_6h process_failure_rolling_6h_avg measurement_adjustment_rolling_6h measurement_adjustment_rolling_6h_avg breakdown_equipment_failure_rolling_6h breakdown_equipment_failure_rolling_6h_avg quality_defect_loss_rolling_6h quality_defect_loss_rolling_6h_avg minor_stoppages_rolling_12h minor_stoppages_rolling_12h_avg speed_loss_rolling_12h speed_loss_rolling_12h_avg process_failure_rolling_12h process_failure_rolling_12h_avg measurement_adjustment_rolling_12h measurement_adjustment_rolling_12h_avg breakdown_equipment_failure_rolling_12h breakdown_equipment_failure_rolling_12h_avg quality_defect_loss_rolling_12h quality_defect_loss_rolling_12h_avg minor_stoppages_rolling_24h minor_stoppages_rolling_24h_avg speed_loss_rolling_24h speed_loss_rolling_24h_avg process_failure_rolling_24h process_failure_rolling_24h_avg measurement_adjustment_rolling_24h measurement_adjustment_rolling_24h_avg breakdown_equipment_failure_rolling_24h breakdown_equipment_failure_rolling_24h_avg quality_defect_loss_rolling_24h quality_defect_loss_rolling_24h_avg minor_stoppages_trend_24h minor_stoppages_accel_24h speed_loss_trend_24h speed_loss_accel_24h process_failure_trend_24h process_failure_accel_24h breakdown_equipment_failure_trend_24h breakdown_equipment_failure_accel_24h ratio_run_total ratio_mpl_total ratio_ucl_total ratio_unplanned_total ratio_minor_vs_critical ratio_quality_vs_performance events_per_hour avg_duration_per_event hora_del_dia dia_semana es_fin_semana es_turno_noche es_turno_tarde es_turno_mañana es_inicio_turno es_fin_turno hora_sin hora_cos dia_sin dia_cos minor_stoppages_std_7d minor_stoppages_cv_7d speed_loss_std_7d speed_loss_cv_7d breakdown_equipment_failure_std_7d breakdown_equipment_failure_cv_7d horas_desde_ultimo_breakdown dias_desde_ultimo_breakdown subcategoria_0 subcategoria_6 subcategoria_7 subcategoria_11 subcategoria_12 subcategoria_13 subcategoria_17 subcategoria_20 subcategoria_23 subcategoria_30 subcategoria_31 subcategoria_32 subcategoria_33 subcategoria_34 subcategoria_42 subcategoria_44 subcategoria_45 subcategoria_46 subcategoria_47 subcategoria_48 id_fabrica_area_encoded minor_stoppages_zscore minor_stoppages_is_outlier speed_loss_zscore speed_loss_is_outlier breakdown_equipment_failure_zscore breakdown_equipment_failure_is_outlier process_failure_zscore process_failure_is_outlier quality_defect_loss_zscore quality_defect_loss_is_outlier anomaly_score_composite avg_breakdown_equipment_failure_subcategoria diff_breakdown_equipment_failure_vs_subcategoria avg_minor_stoppages_subcategoria diff_minor_stoppages_vs_subcategoria concurrent_breakdown_equipment_failure_area_24h area_stress_level_24h is_high_risk_subcategoria
feature_infos=[0.10000000149011612:100.66666412353516] [0:250] [0:2777.85009765625] [0:252] [-0.033333335071802139:960] [0:140] [0:720] [0:107] [0:915.63336181640625] [0:13] [0:720] [0:252] [0:2769.949951171875] [0:40] [0:720] [0:57] [0:720] [0:54] [-0.033333335071802139:960] [0:101] [0:720] [0:62] [0:480] [0:36] [0:720] [0:88] [0:720] [0:61] [0:694.4666748046875] [0:107] [0:480] [0:76] [-0.71666663885116577:687.183349609375] [0:63] [0:720] [0:70] [0:720] [0:140] [0:33] [0:687.183349609375] [0:63] [-0.71666663885116577:476.66665649414062] [0:40] [0:655.70001220703125] [0:57] [0:720] [0:40] [0:2769.949951171875] [0:252] [0:720] [0:101] [0:960] [0:77] [0:500.68331909179688] [0:76] [0:480] [0:70] [0:480] [0:62] [0:720] [0:32] [0:279.9666748046875] [0:48] [0:720] [0:29] [0:480] [1:502] [0.10000000149011612:120] [0.01666666753590107:2115] [0.01666666753590107:2115] [0:10] [0:4831] [0:4206] [0:20] [0:4996] [0:46] [0:9119] [1:9999] [0:1] [0:6] [0:3746] [0:3746] [0:14] [0:4996] [0:35] [0:5359] [1:9999] [0:1] [0:973.48333740234375] [0:100] [0:600] [0:2769.949951171875] [0:720] [0:100] [0:600] [0:720] [0:720] [0:100] [0:156.90072631835938] [0:720] [0:720] [0:100] [0:228.57142639160156] [0:720] [0:480] [0:100] [0:39.442230224609375] [0:480] [0:720] [0:100] [0:97.297294616699219] [0:720] [-0.033333335071802139:796.5] [-0.046860355883836746:100] [0:480] [-0.033333335071802139:960] [0:687.183349609375] [0:100] [0:76.595741271972656] [0:687.183349609375] [-0.71666663885116577:476.66665649414062] [-1.4371657371520996:100] [0:97.297294616699219] [-0.71666663885116577:476.66665649414062] [0:655.70001220703125] [0:100] [0:49.484535217285156] [0:655.70001220703125] [0:27600] [0:5555.7001953125] [0:100] [0:12] [0.01666666753590107:2769.949951171875] [0:252] [-0.71666663885116577:720] [-0.49425286054611206:1] [0.041666667908430099:416.625] [0.041666667908430099:416.625] [0:1.5333333015441895] [0:1.1666666269302368] [0:5011] [0:414] [0:207] [0:3367.63330078125] [0:1683.816650390625] [0:54] [0:27] [0:101] [0:50.5] [0:117] [0:58.5] [0:960] [0:480] [0:834] [0:139] [0:4840.7998046875] [0:806.79998779296875] [0:81] [0:13.5] [0:206] [0:34.333332061767578] [0:208] [0:34.666667938232422] [0:2880] [0:480] [0:1571] [0:130.91667175292969] [0:7678.83349609375] [0:639.90277099609375] [0:146] [0:12.166666984558105] [0:360] [0:30] [0:339] [0:28.25] [0:5760] [0:480] [0:2618] [0:109.08333587646484] [0:11709.06640625] [0:487.87777709960938] [0:198] [0:8.25] [0:564] [0:23.5] [0:588] [0:24.5] [0:11520] [0:480] [-1076:1103] [-100:500] [-6793.4501953125:6248.16650390625] [-100:500] [-134:146] [-100:500] [-291:292] [-100:500] [0.0047279088757932186:100] [0:99.995269775390625] [0:99.989585876464844] [0:99.995269775390625] [0:133] [0:956] [0.5:675] [0.088888891041278839:120] [0:23] [0:6] [0:1] [0:1] [0:1] [0:1] [0:1] [0:1] [-1:1] [-1:1] [-0.97492790222167969:0.97492790222167969] [-0.90096884965896606:1] [0:46.363925933837891] [0:10] [0:774.77484130859375] [0:10] [0:11.552608489990234] [0:10] [1:9999] [0.041666667908430099:416.625] [0:1] [0:1] [0:1] [0:1] [0:1] [0:1] [0:1] [0:1] [0:1] [0:1] [0:1] [0:1] [0:1] [0:1] [0:1] [0:1] [0:1] [0:1] [0:1] [0:1] [0:85] [-1.9937676191329956:10] [0:1] [-0.67458522319793701:10] [0:1] [-0.88518649339675903:10] [0:1] [-0.81035119295120239:10] [0:1] [-0.42486646771430969:10] [0:1] [0:3] [0:3.2736110687255859] [-3.2736110687255859:62.825000762939453] [0:50.608333587646484] [-50.302776336669922:229.83749389648438] [0:588] [1:5310] [0:1]
tree_sizes=3483 3527 3529 3553 3562 3565 3541 3558 3555 3574 3555 3587

Tree=0
num_leaves=31
num_cat=0
split_feature=261 250 222 32 223 250 250 250 4 10 32 250 181 250 219 69 250 199 4 199 203 250 257 250 32 254 230 75 250 257
split_gain=264650 52393.1 43393.9 20163.8 14474.6 10119.5 9026.16 7856.3 5090.63 3632.92 3568.41 3424.18 3395.34 2647.15 2600.31 2537.03 2703.47 2482.82 2438.86 2053.29 2036.11 1763.97 1602.54 1483.96 1456.25 1364.22 1229.69 1194.3 1161.68 1144.31
threshold=1.0000000180025095e-35 -0.082921102643012987 3.4302525520324711 19.92499923706055 183.50000000000003 -0.17238496243953702 -0.17147718369960782 -0.051946073770523064 362.30833435058599 7.1250000000000009 19.358333587646488 -0.31894789636135096 1.0000000180025095e-35 -0.10473976656794547 155.19978332519534 479.94166564941412 -0.10882326215505599 99.960254669189467 332.25000000000006 18.335856437683109 0.50006946921348583 -0.13528801500797269 0.025034818798303608 -0.21052950620651242 5.8750000000000009 -0.064844004809856401 1.0000000180025095e-35 2.5000000000000004 -0.26192043721675867 0.065323173999786391
decision_type=2 2 2 2 2 2 2 2 2 2 2 2 2 2 2 2 2 2 2 2 2 2 2 2 2 2 2 2 2 2
left_child=1 4 8 5 6 18 19 25 10 17 11 -2 14 20 15 16 23 22 -4 28 -8 -14 -7 -6 -13 27 -22 -3 -1 -11
right_child=2 7 3 -5 12 9 13 -9 -10 29 -12 24 21 -15 -16 -17 -18 -19 -20 -21 26 -23 -24 -25 -26 -27 -28 -29 -30 -31
leaf_value=-1.2207342954276406 -1.167183862246582 -1.3636315345363483 -1.2257884752424588 -1.1376038796097829 -1.2378524784808389 -1.3188513101993384 -1.3832629691891538 -1.4340263633086567 -1.3427141624511549 -1.2712193281530257 -1.1351669034666028 -1.2110971011103404 -1.2726225527101114 -1.3436307553647218 -1.4005969292211402 -1.4140093111659771 -1.3783453475796716 -1.3959615372802723 -1.3657710542141559 -1.3294831880585336 -1.3046999380695754 -1.341723744046353 -1.2839826693750074 -1.3271178927838745 -1.1683055006302165 -1.3925603155095292 -1.2225728158906999 -1.2345487375242663 -1.2628398615552614 -1.2323387426599757
leaf_weight=2808.5691097825766 15641.962736412883 4303.4287504404783 12081.748640984297 3320.2794488668442 538.08449882268906 4814.5203858613968 815.24853083491325 14820.722774744034 464.41407112777233 5956.8493149131536 4595.6484849154949 9819.900921523571 1339.3302409797907 6774.5444551706314 4827.1506583541632 1478.0797292143106 2927.3756105899811 634.07483886182308 319.38189549744129 811.40685537457466 14595.252058297396 2974.9945940226316 10441.908054068685 3455.3274165093899 2492.9180044680834 8174.4307298958302 470.47948250174522 186.97698129713535 3930.8525595963001 2773.5360601693392
leaf_count=8101 32572 21623 35763 5443 1690 20962 4336 90094 2188 21686 7366 26907 4904 32010 26927 8542 15354 3493 1615 3662 60453 13972 40010 15472 5233 44615 1370 578 13817 8482
internal_value=-1.28843 -1.35432 -1.22085 -1.25564 -1.32266 -1.26623 -1.30168 -1.40932 -1.17834 -1.28478 -1.176 -1.18271 -1.35879 -1.31746 -1.37135 -1.35455 -1.34185 -1.29902 -1.22939 -1.25434 -1.3063 -1.32027 -1.29499 -1.31509 -1.20243 -1.3804 -1.30214 -1.35826 -1.24529 -1.25887
internal_weight=148589 75232.3 73357.1 40342.3 47746.7 37022 30206.4 27485.6 33014.8 24620.9 32550.4 27954.8 17540.3 22655.5 13226 8398.87 6920.79 15890.5 12401.1 7550.83 15881 4314.32 15256.4 3993.41 12312.8 12664.8 15065.7 4490.41 6739.42 8730.39
internal_count=579240 367520 211720 137454 210610 132011 123749 156910 74266 94633 72078 64712 86861 98169 67985 41058 32516 64465 37378 25580 66159 18876 60972 17162 32140 66816 61823 22201 21918 30168
is_linear=0
shrinkage=1


Tree=1
num_leaves=31
num_cat=0
split_feature=261 250 222 223 32 250 250 250 199 200 222 199 199 258 259 95 250 32 250 199 218 250 220 218 206 250 199 32 245 250
split_gain=201825 46021.8 29500 14255.4 13389.1 8119.2 7608.45 3767.53 3720.11 3078.67 2817.91 2481.3 2406.64 2136.38 1862.69 1800.89 1743.39 1656.25 1599.92 1548.86 1542.15 1420.63 1524.92 1278.66 1180.94 1105.15 1060.78 979.286 974.431 950.976
threshold=1.0000000180025095e-35 -0.070538349449634538 3.6165307760238652 183.50000000000003 10.391666412353517 -0.15173444896936414 -0.16906592249870298 -0.051946073770523064 99.971767425537124 99.979160308837905 2.7158041000366215 99.960254669189467 27.169016838073734 -0.013846285175532101 11.659028053283693 7.4583332538604745 -0.10473976656794547 19.691666603088382 -0.26192043721675867 99.977779388427749 0.51566338539123546 -0.08120632171630858 2.3072280883789067 0.50431582331657421 1.5000000000000002 -0.27773347496986384 99.97363662719728 19.92499923706055 29.500000000000004 -0.12099746614694594
decision_type=2 2 2 2 2 2 2 2 2 2 2 2 2 2 2 2 2 2 2 2 2 2 2 2 2 2 2 2 2 2
left_child=1 3 8 5 6 12 19 -3 10 13 23 15 18 20 16 29 26 25 -1 -4 -5 22 28 -2 -24 -12 -7 -6 -22 -8
right_child=2 7 4 9 27 14 11 -9 -10 -11 17 -13 -14 -15 -16 -17 -18 -19 -20 -21 21 -23 24 -25 -26 -27 -28 -29 -30 -31
leaf_value=0.13918206414861375 0.13902255340570047 -0.0067117138665560338 0.13273967350252258 0.091905353383655686 0.14859750580345563 0.062811509315894284 0.087086236829227087 -0.051295644867474989 0.035450323086601246 -0.033719675489720102 0.16193934941181942 -0.018337161193028095 0.041011279455349076 0.0038779451517620086 0.10575880233850582 0.10404344152908225 0.029674339604787405 0.20323662337415072 0.09716135004935017 0.010365553678946572 0.065345286341419381 -0.018310949003816617 0.082715134610000671 0.18478308587322639 0.036447551648686481 0.1327898083769512 -0.021194545864011455 0.20150484249314529 -0.0091731210472138069 0.061932020932656151
leaf_weight=3083.1139777451754 1635.1025100052357 7072.6379775106907 12287.913307711482 1206.5319700688124 1161.2828676402569 10426.719811782241 7477.3142307847738 14358.019001722336 509.50038732588291 2581.3313079476357 6921.2457794845104 601.22841998934746 1499.9342817515135 7437.8084875792265 1417.9378564655781 7810.1827837824821 8653.9970336407423 1529.6529826670885 8538.9581082910299 264.12527199089527 560.64259661734104 1227.457849830389 2148.7965799719095 22995.067083597183 3850.5563011318445 6132.7711310386658 389.84079319238663 3543.0683627128601 2016.8858629912138 7552.6851825863123
leaf_count=8111 4116 38227 33872 4452 3102 42361 27309 90094 2357 15105 15147 3383 6689 38617 4906 25664 40975 2144 29675 1342 2319 6825 8373 40980 17769 16593 2188 5077 10834 30634
internal_value=0.0837361 0.0255803 0.139035 0.0497839 0.109117 0.0697932 0.0987493 -0.0365819 0.169687 0.0174241 0.171432 0.0819276 0.100616 0.0245801 0.0504305 0.0845669 0.0464012 0.154013 0.108309 0.130165 0.0385643 0.0320001 0.0392002 0.181745 0.0530193 0.148245 0.0597838 0.188445 0.0070355 0.0744461
internal_weight=156892 76471.2 80421.1 55040.5 40697.8 34010.5 35993.4 21430.7 39723.3 21030 39213.8 23441.4 13122 18448.7 20888.5 22840.2 19470.6 14583.7 11622.1 12552 11010.9 9804.34 8576.88 24630.2 5999.35 13054 10816.6 4704.35 2577.53 15030
internal_count=579240 367520 211720 239199 130383 134905 122204 128321 81337 104294 78980 86990 44475 89189 90430 83607 85524 33884 37786 35214 50572 46120 39295 45096 26142 31740 44549 8179 13153 57943
is_linear=0
shrinkage=0.05


Tree=2
num_leaves=31
num_cat=0
split_feature=261 250 222 223 32 250 250 68 250 68 219 250 68 32 250 68 250 181 259 68 221 68 250 222 32 206 254 250 254 10
split_gain=159697 40637 21706.2 11895.4 9961.33 6591.69 5887.1 3618.46 3613.05 2961.76 2641.07 3845.56 2197.85 2055.72 2219.15 2014.71 1933.31 1930.08 1856.57 1715.59 1438.97 1175.16 1162.52 1024.64 995.649 952.169 925.09 914.68 858.932 825.115
threshold=1.0000000180025095e-35 -0.070538349449634538 3.6165307760238652 183.50000000000003 10.391666412353517 -0.14203095436096189 -0.1642426252365112 479.15415954589849 -0.051946073770523064 479.15415954589849 155.19978332519534 -0.10882326215505599 479.15415954589849 19.92499923706055 -0.31326493620872492 479.15415954589849 -0.26192043721675867 1.0000000180025095e-35 11.659028053283693 479.15415954589849 0.21594102680683139 381.49583435058599 -0.21052950620651242 6.6197760105133066 3.1750000715255742 1.5000000000000002 -0.025996056385338303 -0.26192043721675867 -0.036095798015594475 7.6083333492279062
decision_type=2 2 2 2 2 2 2 2 2 2 2 2 2 2 2 2 2 2 2 2 2 2 2 2 2 2 2 2 2 2
left_child=1 3 7 5 6 15 19 13 -3 10 11 22 20 14 -2 16 -1 28 21 27 -8 23 -5 -7 -16 -18 -25 -4 -12 -22
right_child=2 8 4 9 -6 18 12 -9 -10 -11 17 -13 -14 -15 24 -17 25 -19 -20 -21 29 -23 -24 26 -26 -27 -28 -29 -30 -31
leaf_value=0.12349158324942622 0.15650431980058443 -0.0064025449119924959 0.13457704008200624 0.1195416054276227 0.16286929273260367 0.059807046650547417 0.062233505638727274 0.052349016648454087 -0.050354861587815304 -0.036548586522918612 0.014363465365397649 0.0098703300906994342 -0.017921416022417688 0.17724270425834571 0.12471137277485166 -0.00062167133539434323 0.10034348935614466 0.062694236389626387 0.097752772631409829 0.018968217587994881 0.077989857596520412 -0.024074610006654777 0.055387883144965115 0.041782234325615966 0.15420591424146024 0.071359936403991603 0.0098333566490067161 0.1076974128335428 -0.03227973978894063 0.10541687573577596
leaf_weight=3372.7286734730005 20314.138607084751 7044.2023518979549 4750.6091119647026 812.25223013758659 5157.5516698360443 5133.344261020422 10523.437578424811 970.37217000126839 13906.470705866814 2351.9443160444498 1403.543215662241 7075.0187887698412 643.98770329356194 5951.0165107101202 12250.247061029077 640.24159489572048 4233.0885528922081 867.5178310573101 1435.5688524395227 463.96471951901913 7894.2732211649418 717.60361976921558 5405.8487069010735 8103.1911467164755 3733.2828424870968 8571.6390054225922 3145.1886168122292 9481.8630475848913 3325.822571143508 4201.7148649692535
leaf_count=8307 34523 38227 10945 2288 8179 20518 39375 3665 90094 14163 7091 35726 3562 7574 28961 3150 13405 3494 4616 2132 27828 3986 22190 34952 6614 30852 15119 26167 19342 12195
internal_value=0.075993 0.0239128 0.12277 0.0459352 0.09767 0.063704 0.0888115 0.147811 -0.0355769 0.0163629 0.0229508 0.035082 0.073161 0.150004 0.145538 0.0863697 0.0898125 -0.00586194 0.0431382 0.113585 0.0757541 0.0385531 0.0637681 0.0412965 0.1316 0.0809415 0.0328489 0.116669 -0.0184373 0.087517
internal_weight=163882 77545.2 86336.5 56594.5 43117.4 35352.6 37959.9 43219.1 20950.7 21241.9 18890 13293.1 23263.4 42248.7 36297.7 16817.7 16177.5 5596.88 18534.9 14696.4 22619.4 17099.3 6218.1 16381.7 15983.5 12804.7 11248.4 14232.5 4729.37 12096
internal_count=579240 367520 211720 239199 130383 134905 122204 81337 128321 104294 90131 60204 82960 77672 70098 55714 52564 29927 79191 39244 79398 74575 24478 70589 35575 44257 50071 37112 26433 40023
is_linear=0
shrinkage=0.05


Tree=3
num_leaves=31
num_cat=0
split_feature=261 250 222 223 134 250 222 250 200 219 250 199 199 199 181 250 259 250 221 134 250 199 245 257 250 215 254 221 77 257
split_gain=129873 36024.5 17039.1 10027 8037.45 5390.61 4418.79 3539.21 2496.58 2187.21 3154.54 2167.5 1725.88 1719.34 1630.19 1575.62 1521.26 1403.18 1387.3 1320.46 1536.01 1216.65 983.707 893.05 808.101 790.421 769.923 769.409 744.592 736.166
threshold=1.0000000180025095e-35 -0.070538349449634538 3.4302525520324711 183.50000000000003 19.941666603088382 -0.14203095436096189 5.0414702892303476 -0.028896703384816643 99.979160308837905 155.19978332519534 -0.10882326215505599 99.975093841552749 99.948902130126967 26.322672843933109 1.0000000180025095e-35 -0.16043268144130704 11.659028053283693 -0.19161341339349744 0.62185505032539379 19.691666603088382 -0.44258223474025721 49.570602416992195 29.500000000000004 0.0097312410362064856 -0.21052950620651242 -1.0000000180025095e-35 -0.036095798015594475 0.30623099207878118 400.50000000000006 0.012526150792837145
decision_type=2 2 2 2 2 2 2 2 2 2 2 2 2 2 2 2 2 2 2 2 2 2 2 2 2 2 2 2 2 2
left_child=1 3 11 5 6 13 21 -3 9 10 24 19 15 17 26 -8 22 -1 -17 20 -2 -4 23 -7 -5 -12 -11 -22 -28 -26
right_child=2 7 4 8 -6 16 12 -9 -10 14 25 -13 -14 -15 -16 18 -18 -19 -20 -21 27 -23 -24 -25 29 -27 28 -29 -30 -31
leaf_value=0.10161469404285006 0.14928170374200694 -0.015487084128902788 0.10341960628342267 0.10211693888078013 0.14792421831660177 -0.0216654485193499 0.092409903928016429 -0.057200900053488969 -0.03178567519890195 0.013317476145589183 -0.01405280658018199 0.026265353676791593 -0.017958102006854715 0.03492952616772662 0.057091755742010891 0.055188017524200654 0.088117430597814878 0.071213093385284407 0.090897531948595359 0.15372222593345061 0.10320867872917323 0.053416953662842208 0.044712886818433044 0.028519663393807904 0.019369365633611694 0.021220091736479887 0.031818887680661705 0.12783985486128366 -0.040685770642764699 0.061155349342666747
leaf_weight=6564.1929096281528 8137.0603092163801 11100.337340414524 18313.898482456803 880.19664305448532 5286.7048867046833 1067.9856539964676 5865.5825455337763 9383.3883064091206 2480.5491101443768 1406.2887837439775 2401.0844434499741 470.25764743983746 570.71781492233276 2013.0099820047617 876.45089976489544 13564.803179860115 1510.8232815414667 8998.2421153634787 3401.936121031642 7197.1601619720459 3664.6205271780491 1303.0792029649019 11186.586077556014 5215.8863753974438 1412.0180751234293 4691.5449255406857 407.17602422833443 23513.643869161606 2716.5418483167887 4157.4940679222345
leaf_count=17044 11519 64454 46848 2422 7457 5636 16006 63867 15105 7047 12929 2078 3187 8416 3410 49051 4616 30254 10058 9019 8424 4847 45994 22945 6466 22679 2029 43226 16464 15743
internal_value=0.0695748 0.0224042 0.110121 0.0425396 0.089745 0.0584586 0.0825954 -0.0345958 0.0153831 0.0215579 0.0322912 0.133022 0.0679241 0.0784119 -0.0053274 0.0700708 0.0399831 0.0840364 0.062348 0.134202 0.130224 0.100098 0.0358206 0.0199904 0.0575973 0.00927907 -0.0174041 0.124519 -0.0312348 0.0505615
internal_weight=169759 78469.8 91289.5 57986.1 48306.7 36556.7 43020 20483.7 21429.3 18948.8 13542.3 42982.7 23403 17575.4 5406.46 22832.3 18981.3 15562.4 16966.7 42512.5 35315.3 19617 17470.5 6283.87 6449.71 7092.63 4530.01 27178.3 3123.72 5569.51
internal_count=579240 367520 211720 239199 137454 134905 129997 128321 104294 89189 60239 74266 78302 55714 28950 75115 79191 47298 59109 72188 63169 51695 74575 28581 24631 35608 25540 51650 18493 22209
is_linear=0
shrinkage=0.05


Tree=4
num_leaves=31
num_cat=0
split_feature=261 250 222 221 32 68 250 250 68 222 250 182 250 68 32 250 217 257 254 220 245 259 219 250 75 183 68 68 254 245
split_gain=107859 32045 13964.1 8543.06 6027.42 5706.06 4590.99 3435.09 3304.46 2810.36 2627.18 2439.5 1722.1 1492.37 1380.13 1237.21 1219.16 1203.84 1132.15 1008.57 966.878 922.381 916.038 854.719 778.864 759.958 736.914 728.529 820.292 753.206
threshold=1.0000000180025095e-35 -0.070538349449634538 4.3760967254638681 0.093454532325267806 19.92499923706055 479.15415954589849 -0.17147718369960782 -0.028896703384816643 479.15415954589849 3.0228743553161626 -0.16043268144130704 1.0000000180025095e-35 -0.10473976656794547 479.15415954589849 19.524999618530277 -0.13160767406225202 9.5246725082397479 0.025034818798303608 -0.046288913115859025 2.0792715549468999 47.500000000000007 0.42847222089767462 157.26434326171878 -0.10882326215505599 1.5000000000000002 1.0000000180025095e-35 479.15415954589849 381.49583435058599 -0.019072797149419781 18.500000000000004
decision_type=2 2 2 2 2 2 2 2 2 2 2 2 2 2 2 2 2 2 2 2 2 2 2 2 2 2 2 2 2 2
left_child=1 3 8 11 10 6 -5 27 9 -2 26 18 19 17 -11 -13 21 -12 23 -8 -19 -14 -20 25 -24 -1 -4 28 29 -3
right_child=2 7 4 5 -6 -7 12 -9 -10 14 13 15 16 -15 -16 -17 -18 20 22 -21 -22 -23 24 -25 -26 -27 -28 -29 -30 -31
leaf_value=0.021195126671960194 0.12504273847567679 -0.020464653810095077 0.09105212816392444 0.087980274940321776 0.13974155521459741 -0.023870967252275332 0.026795016806227992 -0.056466529496337459 0.037053824069726495 0.09804032318902671 0.044456266342066404 0.078615890642930647 -0.026304042395199841 -0.023457112505673824 0.13960227693219768 0.027235065618260269 0.094787910258879116 0.05727092451567594 0.0047877461695894595 0.061354360336362379 0.083719776276479502 0.029726195025746173 -0.0346863966259627 -0.00049009387288336686 0.049923049662042612 0.075198511758281336 0.0095309735699011088 -0.05197854830437542 -0.026474781877220833 0.01764221648274094
leaf_weight=2041.5713014900684 36541.166226089001 2142.4220008552074 10553.848944395781 9618.0517850965261 3296.8531542122364 2238.1587266772985 2450.2681674957275 9038.894478097558 1336.0888694673777 19432.297493085265 7321.0228782296181 1545.5804143995047 817.94543635845184 538.02619445323944 2226.2451999187469 4842.0086952447891 658.40041919052601 7467.9643498212099 5307.2803313732147 15253.167450487614 6430.9888769388199 7201.8926534205675 3338.7338149994612 2664.6228550821543 296.12089729309082 956.75857611000538 284.69274014234543 1179.9597647637129 4386.6535620838404 3285.006500467658
leaf_count=9123 55973 12711 26162 25664 3829 12650 10108 63867 5017 43952 26767 4908 4324 3046 2558 21866 1989 24765 26044 52793 18355 31466 19969 13643 1335 3317 1296 7652 26915 17176
internal_value=0.064142 0.0210334 0.0999481 0.0395223 0.0753151 0.0535922 0.0584082 -0.0336322 0.114799 0.116584 0.0687989 0.0138942 0.047627 0.0587803 0.102312 0.0396675 0.0293813 0.0608655 0.00262215 0.0565711 0.0695087 0.0240117 -0.00845609 0.0201153 -0.0277935 0.0384275 0.0889108 -0.0148587 -0.0103958 0.00259992
internal_weight=174693 79263.5 95429.2 59230.6 35893.4 38237.9 35999.7 20032.9 59535.8 58199.7 32596.5 20992.7 26381.7 21758 21658.5 6387.59 8678.24 21220 14605.1 17703.4 13899 8019.84 8942.14 5662.95 3634.85 2998.33 10838.5 10994 9814.08 5427.43
internal_count=579240 367520 211720 239199 104220 138994 126344 128321 107500 102483 100391 100205 100680 72933 46510 26774 37779 69887 73431 62901 43120 35790 47348 26083 21304 12440 27458 64454 56802 29887
is_linear=0
shrinkage=0.05


Tree=5
num_leaves=31
num_cat=0
split_feature=261 250 161 250 221 68 250 250 32 250 68 181 178 250 32 254 250 250 183 250 245 68 218 68 254 250 245 245 219 68
split_gain=90501.5 28636.9 9934.57 8077.78 7387.42 5005 3915.86 3471.99 3049.77 3197.77 2108.75 2080.33 1504.54 1473.1 1420.56 1178.13 1163.47 1106.44 1037.92 1044.61 888.311 862.125 861.714 707.047 767.338 714.8 706.933 697.105 682.324 645.608
threshold=1.0000000180025095e-35 -0.070538349449634538 1.0000000180025095e-35 -0.26192043721675867 0.093454532325267806 479.15415954589849 -0.14203095436096189 -0.028896703384816643 19.92499923706055 -0.27773347496986384 479.15415954589849 1.0000000180025095e-35 5.4375000000000009 -0.12099746614694594 3.6750000715255742 -0.026259102858602997 -0.26192043721675867 -0.13084739446640012 1.0000000180025095e-35 -0.13528801500797269 46.500000000000007 479.15415954589849 0.54461827874183666 381.49583435058599 -0.019072797149419781 -0.051946073770523064 41.500000000000007 38.500000000000007 90.891319274902358 432.20832824707037
decision_type=2 2 2 2 2 2 2 2 2 2 2 2 2 2 2 2 2 2 2 2 2 2 2 2 2 2 2 2 2 2
left_child=1 4 3 21 11 6 16 23 9 -4 13 18 28 27 20 -14 -6 -13 22 -20 26 -2 29 24 25 -3 -11 -5 -8 -1
right_child=2 7 8 10 5 -7 12 -9 -10 14 -12 17 15 -15 -16 -17 -18 -19 19 -21 -22 -23 -24 -25 -26 -27 -28 -29 -30 -31
leaf_value=0.0437922076912452 0.10470605443963002 0.013072823513033497 0.11583380983008636 0.055079883171052182 0.093722686984578044 -0.023103480358122958 0.0011289342366160077 -0.055956024164818742 0.12921135835444644 0.073044304812414515 -0.0080901075647216974 0.072456099845657138 0.070706615788410226 0.044797655794327144 0.10809714368891028 0.019390084551786767 0.063610094904093986 0.024902601794288784 0.071800858731913261 0.010857402972863188 0.09139965437101201 0.043425400729266012 -0.014309021749811884 -0.0508935787867969 -0.02506340069445654 -0.029934150518491832 0.021360006488986089 0.075716239442932612 0.032754464373429555 -0.034995873995802368
leaf_weight=1202.3215502947569 15942.375014305115 4200.183199301362 18068.988359376788 5928.9672631472349 4080.4922557771206 2215.2769627720118 2057.8452451229095 8720.8423286676407 11461.180703908205 7517.221589744091 1133.1398737728596 1630.2773839980364 4514.7825311273336 9001.7834820449352 6281.1142498701811 1486.7793931216002 14997.647995725274 4898.8894819021225 827.36632087826729 4682.945274412632 8702.8400402218103 595.37007516622543 7642.8333643823862 1139.492284655571 4300.9818672537804 1254.7900326699018 725.45741209387779 13210.873159527779 9961.286706879735 331.75162500143051
leaf_count=4739 27532 21785 27024 17473 8861 12687 9577 64020 12595 20322 5728 4985 14742 30549 11004 6375 46508 21836 2806 22875 19994 2023 41185 7633 26811 8144 2661 34200 40423 2071
internal_value=0.0595161 0.0200574 0.0916001 0.074566 0.0370715 0.0499034 0.0542629 -0.0324438 0.106392 0.100059 0.0587857 0.013294 0.0375487 0.0614784 0.0877869 0.0579939 0.0700507 0.0367763 0.00285494 0.020008 0.0802585 0.1025 -0.00744468 -0.0136243 -0.00927127 0.00318007 0.0684954 0.0693237 0.0273397 0.0267539
internal_weight=178716 80146.8 98569.3 45812.5 60530.5 39314.1 37098.8 19616.3 52756.8 41295.6 29274.8 21216.4 18020.7 28141.6 23226.6 6001.56 19078.1 6529.17 14687.2 5510.31 16945.5 16537.7 9176.91 10895.4 9755.96 5454.97 8242.68 19139.8 12019.1 1534.07
internal_count=579168 368063 211105 117505 239670 139173 126486 128393 93600 81005 87950 100497 71117 82222 53981 21117 55369 26821 73676 25681 42977 29555 47995 64373 56740 29929 22983 51673 50000 6810
is_linear=0
shrinkage=0.05


Tree=6
num_leaves=31
num_cat=0
split_feature=261 250 222 223 32 250 250 250 68 68 219 250 49 68 181 199 222 222 68 77 68 234 206 32 68 234 206 218 258 250
split_gain=77480.4 25599.6 10571.9 6384.58 5292.05 3367.16 3271.88 3242.07 2315.43 1873.4 1699.58 2522.77 1342.05 1242.94 1216.68 1157.25 1114.95 1038.89 1002.64 803.701 749.19 736.8 683.713 671.991 670.467 648.699 644.722 636.546 604.778 590.835
threshold=1.0000000180025095e-35 -0.070538349449634538 3.5279158353805546 181.50000000000003 9.3750000000000018 -0.028896703384816643 -0.15173444896936414 -0.17238496243953702 479.15415954589849 479.15415954589849 155.19978332519534 -0.14203095436096189 7.1250000000000009 381.49583435058599 1.0000000180025095e-35 1.7555916905403139 4.7598242759704599 2.4994267225265507 479.15415954589849 426.50000000000006 479.15415954589849 1.0000000180025095e-35 3.5000000000000004 18.791666030883793 381.49583435058599 1.0000000180025095e-35 4.5000000000000009 0.46593867242336279 -0.013910388574004172 -0.30942393839359278
decision_type=2 2 2 2 2 2 2 2 2 2 2 2 2 2 2 2 2 2 2 2 2 2 2 2 2 2 2 2 2 2
left_child=1 3 9 6 7 24 15 20 10 17 11 22 18 16 19 29 -8 27 -9 -12 -4 28 -5 -19 25 -3 -13 -2 -18 -1
right_child=2 5 4 8 -6 -7 13 12 -10 -11 14 26 -14 -15 -16 -17 21 23 -20 -21 -22 -23 -24 -25 -26 -27 -28 -29 -30 -31
leaf_value=0.094131549947405121 0.081770954691402151 -0.011328992328520419 0.082558633568907344 0.077336122045690708 0.11054203947080571 -0.055290373237476487 0.074042992606614455 0.046966553706352263 -0.034963710840258191 0.034673948659980573 0.037586832305512158 0.02140145596038703 0.067061662344669454 -0.023063393955202613 0.046324262694882261 0.028733463120072678 0.03645345730154443 0.091230984313846297 -0.014025347631029184 -0.02345421964811582 0.01922096841371989 0.070650869973810967 0.02836590783846852 0.1186938692829705 -0.050020376982881545 0.059135274319426591 -0.010261971720846405 0.11128460439902754 0.016057213854080377 0.065050610572464085
leaf_weight=2048.1190731078386 1973.0429267287254 9357.6906975358725 15600.859512373805 2615.8855087012053 6608.4468591660261 8392.8635710477829 1873.6974579393864 18010.837335124612 2242.6985625177622 1040.8131523728371 622.44503681361675 8834.7223501652479 10438.74934001267 892.07735456526279 967.50466333329678 2008.7301544398069 14479.81550000608 19346.245577320457 700.00304140150547 4034.5525463819504 481.28638130426407 1269.8776117563248 979.72385539114475 2517.3022323250771 1102.3612914383411 338.43481361865997 1965.2983220666647 24671.501206070185 4852.3674427717924 11863.371668294072
leaf_count=3993 3826 55255 33324 7529 8877 64020 5682 57925 14226 3574 2856 39815 28051 4942 3490 7605 54599 34570 3829 23705 2013 4090 3644 2699 7633 1485 9971 32417 20805 32718
internal_value=0.0554297 0.0188854 0.084532 0.0346061 0.0687474 -0.0315343 0.0467283 0.0626411 0.0132138 0.101047 0.0186107 0.0277168 0.0526981 0.0348185 -0.00469599 0.0642095 0.0371159 0.102471 0.0446847 -0.0152956 0.0806631 0.0337574 0.0639928 0.094393 -0.0130704 -0.0088695 0.0156396 0.109099 0.031334 0.0693321
internal_weight=182131 80742.2 101389 61550.9 51840.2 19191.4 39288.1 45231.7 22262.8 49548.9 20020.1 14395.6 29149.6 23367.8 5624.5 15920.2 22475.8 48508.1 18710.8 4657 16082.1 20602.1 3595.61 21863.5 10798.5 9696.13 10800 26644.5 19332.2 13911.5
internal_count=579168 368063 211105 239670 134019 128393 134434 125142 105236 77086 91010 60959 89805 90118 30051 44316 85176 73512 61754 26561 35337 79494 11173 37269 64373 56740 49786 36243 75404 36711
is_linear=0
shrinkage=0.05


Tree=7
num_leaves=31
num_cat=0
split_feature=261 250 222 223 32 250 250 68 68 217 250 250 183 93 68 32 250 68 262 250 220 199 257 199 257 245 245 207 257 222
split_gain=67101.5 23208.4 9366.81 6689.88 4796.74 4289.15 2468.87 2127.29 1628.08 1531.39 1463.53 1461.55 1360.24 1249.26 1189.8 1014 1181.95 912.753 885.943 808.126 795.049 769.913 704.495 674.567 668.805 625.318 603.248 581.811 546.45 572.576
threshold=1.0000000180025095e-35 -0.057232525199651711 3.5279158353805546 324.50000000000006 19.92499923706055 -0.11458478868007659 -0.17238496243953702 479.15415954589849 479.15415954589849 0.39819209277629858 -0.028896703384816643 -0.17147718369960782 1.0000000180025095e-35 9.8799462318420428 381.49583435058599 16.558333396911625 -0.31894789636135096 479.15415954589849 888.50000000000011 -0.13160767406225202 2.7214868068695073 99.784908294677749 0.013910388574004175 48.315834045410163 0.025034818798303608 33.500000000000007 39.500000000000007 1.0000000180025095e-35 0.0097312410362064856 8.7610306739807147
decision_type=2 2 2 2 2 2 2 2 2 2 2 2 2 2 2 2 2 2 2 2 2 2 2 2 2 2 2 2 2 2
left_child=1 3 8 5 6 7 23 11 15 21 -3 26 -11 17 18 16 -2 24 25 -14 -18 -5 -13 -4 -8 28 -1 -27 -7 -30
right_child=2 10 4 9 -6 14 13 -9 -10 12 -12 22 19 -15 -16 -17 20 -19 -20 -21 -22 -23 -24 -25 -26 27 -28 -29 29 -31
leaf_value=0.05136860397032042 0.099551153899941666 -0.021897271804579274 0.07714890095915565 0.052543375281691743 0.11066309340344183 -0.011586791787245138 0.030652204516802097 -0.011434220391801628 0.032446780204348241 -0.015937735781450562 -0.054651970096056261 0.021017785362930211 0.057419790598782931 0.063249804237270307 -0.034587092398730715 0.11174044918993734 0.07335950643395367 -0.013438188602193139 0.078665611372747163 0.0071775432286047061 0.094287930132118863 -0.022571292354489902 0.049205007998906987 0.033627515871430466 0.051240785624830365 0.03622686025351108 0.076855273257629864 0.004832268687797835 0.031138521247750045 0.00084261647052628723
leaf_weight=3438.4301544129848 23391.771027356386 5903.8858981281519 15551.189593538642 2018.5345459729433 4951.7016299217939 1953.5664343684912 5678.1086193621159 1307.7947538644075 1056.229391798377 8543.3698638677597 8074.4360482692719 2572.7091883569956 943.9170705229044 12289.968789875507 918.42282995581627 7791.9407157897949 10264.23174752295 694.21027514338493 705.53527806699276 5262.191869482398 8134.2138169258833 410.51888608932495 16020.755364879966 944.41819649934769 12918.976668208838 7771.5637815147638 7148.7537210285664 1821.6642119884491 3770.7973808348179 2659.5326152443886
leaf_count=9300 32043 37869 32220 7260 5289 10215 19760 7144 3574 47388 64020 10192 3027 32004 5594 8338 20096 3829 2096 26199 13035 2326 51620 3117 37800 30923 16743 8227 15465 12455
internal_value=0.051828 0.0178052 0.0784925 0.029987 0.0638056 0.0392211 0.0589795 0.0509527 0.0938727 0.00306207 -0.0408177 0.0537487 -0.00299623 0.0507907 0.0209734 0.0951812 0.0920937 0.0428533 0.0237047 0.0148191 0.0826123 0.0398487 0.0453048 0.0746572 0.0449546 0.0215476 0.0685779 0.0302653 0.0115725 0.0186084
internal_weight=184913 81246.4 103667 67268.1 53028.6 50089.5 48076.9 30488.4 50638.4 17178.5 13978.3 29180.6 14749.5 31581.3 19601.1 49582.2 41790.2 19291.3 18682.7 6206.11 18398.4 2429.05 18593.5 16495.6 18597.1 17977.1 10587.2 9593.23 8383.9 6430.33
internal_count=579168 368063 211105 266174 134019 179974 128730 94999 77086 86200 101889 87855 76614 93393 84975 73512 65174 61389 79381 29226 33131 9586 61812 35337 57560 77285 26043 39150 38135 27920
is_linear=0
shrinkage=0.05


Tree=8
num_leaves=31
num_cat=0
split_feature=261 250 222 224 32 250 222 68 250 181 68 250 68 68 206 254 68 250 257 32 250 113 245 254 219 219 250 245 245 206
split_gain=58679.4 20982.6 8491.85 5852.51 4546.86 3722.53 2440.27 1797.66 1442.7 1425.13 1281.75 1215.26 1143.45 1061.04 1002.96 982.235 1000.67 1189.8 876.61 787.587 1127.33 731.066 719.844 778.428 713.891 692.774 661.056 660.57 652.847 585.602
threshold=1.0000000180025095e-35 -0.057232525199651711 3.2983955144882207 13.520833492279055 16.558333396911625 -0.11791661754250525 5.1004915237426767 479.15415954589849 -0.028896703384816643 1.0000000180025095e-35 479.15415954589849 -0.19622348994016645 283.36250305175787 479.15415954589849 2.5000000000000004 -0.01970086898654699 432.20832824707037 -0.14203095436096189 0.022305141203105453 12.091666698455812 -0.27773347496986384 0.10764664039015771 33.500000000000007 -0.063095159828662858 113.18355560302736 134.99743652343753 -0.13528801500797269 47.500000000000007 39.500000000000007 3.5000000000000004
decision_type=2 2 2 2 2 2 2 2 2 2 2 2 2 2 2 2 2 2 2 2 2 2 2 2 2 2 2 2 2 2
left_child=1 3 10 5 6 7 21 11 -3 15 19 -1 22 18 -13 16 17 25 -8 20 -2 -4 -7 -24 -16 -5 -11 -20 -26 -25
right_child=2 8 4 9 -6 12 13 -9 -10 26 -12 14 -14 -15 24 -17 -18 -19 27 -21 -22 -23 23 29 28 -27 -28 -29 -30 -31
leaf_value=0.067976818549598583 0.092114719832722847 -0.021110960896138963 0.068472548455389012 0.07411197223083249 0.1022140173848638 0.012625175704972328 0.032411261277741299 -0.010550369911566812 -0.054037885973078376 0.064321972135680736 0.031864287825301339 0.055434314211508899 -0.030876110241975941 -0.019240127054229242 0.0040545289148153701 -0.023427045869078653 -0.040465473341152941 6.4778022125426202e-05 0.043408034144105212 0.1035830084017999 0.072196589529473498 0.024763024996189695 0.05118528720322342 0.033173607449813222 0.019610808327305003 0.010711337104574814 0.017291079158916874 0.062334105607049356 0.048243049755136949 0.0035928310775138247
leaf_weight=7348.663776665926 27799.846756562591 5819.7792665213346 24773.113661691546 1024.1731287240982 5871.3875897973776 9011.3149085044861 7562.4407883286476 1261.7337320744991 7765.7159240543842 961.75757576525211 960.87874399125576 10549.427581220865 1034.7996315509081 623.76730869710445 1699.7981183677912 4772.1559375226498 1046.4875345081091 5293.624457359314 9468.2248369753361 8891.542103394866 9542.2702324837446 995.05516931414604 3491.255642876029 4610.6304669678211 2894.6529976725578 743.77227452397346 3348.4588645994663 8985.9629163295031 6376.2954186052084 2626.0459316968918
leaf_count=16597 38493 37869 54328 2817 6564 40212 24674 6918 64020 2681 3167 31341 6293 3455 6650 27847 6961 26949 27538 9824 17628 3263 12205 18071 10483 3598 15347 22171 19454 11750
internal_value=0.0486182 0.0168036 0.0732558 0.0281229 0.0604889 0.0366411 0.0558144 0.0478682 -0.0399326 0.00289869 0.0890214 0.0504215 0.0203574 0.0452034 0.0444267 -0.00542933 0.00516358 0.0119256 0.0467485 0.0902093 0.0870249 0.0667847 0.0230433 0.0317943 0.0338418 0.0474394 0.0277853 0.0526238 0.0393033 0.0224393
internal_weight=187155 81680.5 105474 68095 58280 50904.6 52408.6 30130.6 13585.5 17190.4 47194.5 28868.8 20774 26640.4 21520.2 12880.2 8108.06 7061.57 26016.6 46233.7 37342.1 25768.2 19739.2 10727.9 10970.7 1767.95 4310.22 18454.2 9270.95 7236.68
internal_count=579168 368063 211105 266174 141993 179974 135429 91443 101889 86200 69112 84525 88531 77838 67928 68172 40325 33364 74383 65945 56121 57591 82238 42026 36587 6415 18028 49709 29937 29821
is_linear=0
shrinkage=0.05


Tree=9
num_leaves=31
num_cat=0
split_feature=185 250 222 250 32 68 222 258 68 250 254 218 68 183 222 68 68 250 257 221 250 248 206 140 234 236 222 250 250 257
split_gain=51718.2 19337.1 8005.23 5644.15 4350.11 2877.48 2479.76 2348.36 2099.49 1399.5 1230.42 1028.17 942.214 936.565 1468.07 819.104 785.925 763.901 755.829 740.945 683.169 626.135 596.276 615.101 589.852 586.9 618.64 581.658 559.215 505.311
threshold=1.0000000180025095e-35 -0.053223080933094018 3.0891253948211674 -0.11458478868007659 19.524999618530277 479.15415954589849 5.0414702892303476 -0.015272476710379122 381.49583435058599 -0.27773347496986384 -0.025996056385338303 1.0767275691032412 479.15415954589849 1.0000000180025095e-35 2.4571471214294438 479.15415954589849 479.15415954589849 -0.022045198827981945 0.025034818798303608 0.1545166298747063 -0.086216814815998064 -0.37370252609252924 1.5000000000000002 29.816666603088382 1.0000000180025095e-35 1.0000000180025095e-35 1.9567539691925051 -0.16007215529680249 -0.19622348994016645 0.17569444328546527
decision_type=2 2 2 2 2 2 2 2 2 2 2 2 2 2 2 2 2 2 2 2 2 2 2 2 2 2 2 2 2 2
left_child=1 3 15 5 6 7 16 9 10 -1 11 19 18 14 -11 24 21 -3 27 -5 -12 -4 -16 28 25 29 -27 -8 -24 -2
right_child=2 17 4 8 -6 -7 12 -9 -10 13 20 -13 -14 -15 22 -17 -18 -19 -20 -21 -22 -23 23 -25 -26 26 -28 -29 -30 -31
leaf_value=0.075043653133525873 0.083764947248987254 -0.027181730816719166 0.055150601336335918 0.021744708766500115 0.098258553714718463 -0.017612976348161852 0.060531170087439828 0.011365664392792824 -0.040302979454878735 -0.00010488361605106301 0.011148627888319889 0.0079639305264766584 -0.017994870821854615 0.052817755294242354 0.056757123727039532 0.036089328755448298 0.014233878392280378 -0.053971577346920367 0.049850875242334995 0.049621724679080159 -0.016065107116702733 0.070161378503605376 0.058978021577551887 0.063615376700272161 0.043953776454357933 0.0753035411007415 0.0026268914292908556 0.026318454067449218 0.020729308432124064 0.095258921336562025
leaf_weight=3871.3050491064787 22623.570911005139 4189.5777468010783 11075.398143708706 7621.4672135561705 5966.299668058753 2167.0064378380775 1492.5366322249174 5457.2486752718687 1944.9238509982824 2551.8987769782543 4840.0700141638517 9366.3798091709614 627.53690904378891 12907.865872785449 4236.6691124886274 819.03509749472141 796.36969512701035 7292.9868294969201 18085.436561211944 3468.3041104525328 4405.0851245671511 18637.43988879025 1154.1067148149014 1411.9327015727758 795.98019351065159 1206.4145642071962 386.65822304785252 7410.2983063012362 5556.4676045626402 16562.678443461657
leaf_count=7620 32509 29289 25042 33688 6294 12822 3501 23406 12845 11977 21405 43004 3509 36568 11583 2559 3186 62451 47385 11839 24734 36974 2825 3730 1662 1856 1046 24746 19247 19866
internal_value=0.0457316 0.0160005 0.06875 0.0257414 0.0576002 0.038393 0.0534268 0.0416601 0.0100242 0.046877 0.0133198 0.0201613 0.0425718 0.0429573 0.0344216 0.0856061 0.0632523 -0.0441969 0.0439801 0.0304632 -0.00181804 0.0645661 0.0415505 0.0336188 0.0865816 0.0874136 0.057664 0.0320541 0.0273074 0.0886231
internal_weight=188929 82443.3 106486 70960.7 64091.3 39314.5 58125 37147.5 31646.2 31690.2 29701.3 20456.2 27615.8 27818.9 14911.1 42394.3 30509.2 11482.6 26988.3 11089.8 9245.16 29712.8 12359.2 8122.51 41575.3 40779.3 1593.07 8902.83 6710.57 39186.2
internal_count=579168 369033 210135 277293 150637 129778 144343 116956 147515 93550 134670 88531 79141 85930 49362 59498 65202 91740 75632 45527 46139 62016 37385 25802 56939 55277 2902 28247 22072 52375
is_linear=0
shrinkage=0.05


Tree=10
num_leaves=31
num_cat=0
split_feature=261 250 222 221 32 68 250 250 181 141 259 254 68 258 250 68 250 219 68 250 222 32 250 206 245 68 218 219 248 140
split_gain=46313.2 17276.5 7321.62 5170.37 4104.24 2909.2 2564.87 2398.89 1814.97 1162.43 998.134 921.255 888.49 834.309 721.955 716.69 705.271 672.217 668.884 667.303 652.484 635.714 641.094 624.95 616.311 569.108 715.881 562.617 554.929 551.921
threshold=1.0000000180025095e-35 -0.051946073770523064 3.0891253948211674 0.093454532325267806 9.6416664123535174 479.15415954589849 -0.17238496243953702 -0.1434010714292526 1.0000000180025095e-35 18.500000000000004 8.8145833015441912 -0.024858867749571797 479.15415954589849 -0.018045814707875248 -0.26192043721675867 479.15415954589849 -0.028896703384816643 82.497772216796889 479.15415954589849 -0.13084739446640012 6.2910728454589853 19.92499923706055 -0.44258223474025721 1.5000000000000002 40.500000000000007 479.15415954589849 0.51566338539123546 131.45395660400393 -0.37370252609252924 454.50000000000006
decision_type=2 2 2 2 2 2 2 2 2 2 2 2 2 2 2 2 2 2 2 2 2 2 2 2 2 2 2 2 2 2
left_child=1 3 12 8 6 7 15 14 11 18 17 13 21 25 -5 28 -3 -9 29 -10 -19 22 -2 -16 27 26 -1 -22 -4 -8
right_child=2 16 4 5 -6 -7 9 10 19 -11 -12 -13 -14 -15 23 -17 -18 20 -20 -21 24 -23 -24 -25 -26 -27 -28 -29 -30 -31
leaf_value=0.066925471356437907 0.089927283818040271 -0.026266483070680254 0.052864089717815282 0.066706224232645592 0.087102935119302824 -0.021653786804456329 0.034882593576566888 -0.0025872535124028383 0.05263684932369888 0.056103300571424167 0.05151206159055919 -0.016570309187118777 0.029631574024824598 -0.0060909849415108691 0.057840081417461324 0.011593123781730288 -0.053206136561897446 0.041063750944996459 -0.012653053622558015 0.01816763314923529 0.024845416609636142 0.096200622523389109 0.07488350038928647 0.0370747516583863 0.029361614792959553 -0.038912026394047658 0.016731843514427292 -0.0077137164763333701 0.069033287515204281 0.084664816702345005
leaf_weight=871.36677519977093 9677.7652125060558 3672.831572085619 8305.9325969666243 4569.1086497008801 8133.362136438489 2228.0920007228851 23317.38400863111 2599.5578203946352 1786.9104485660791 8476.4901044070721 3130.1746626347303 7167.7602412849665 843.13190795481205 6083.1594739109278 5510.1989197134972 693.18886056542397 7176.5576617121696 4463.3843215554953 725.76776528358459 6554.3282803744078 2323.7089252769947 6241.9429540485144 26401.864806011319 10581.163762539625 6176.2535343766212 363.63376325368881 3844.712822958827 3092.6823381632566 14693.886872127652 570.38006223738194
leaf_count=2595 11535 26143 17614 8894 10341 13742 67887 11566 4946 20157 9482 40475 2658 31526 13828 2706 64036 14950 4015 29278 9200 6398 39962 31033 22869 2475 16703 14213 26934 1211
internal_value=0.042984 0.0146974 0.0644959 0.0236365 0.0538842 0.0340367 0.0491261 0.03696 0.0062165 0.0401341 0.0253845 -0.00258193 0.0804551 0.00640011 0.049166 0.0616844 -0.0440863 0.0210007 0.0346346 0.0255518 0.0248197 0.0814676 0.0789187 0.0441855 0.0185654 0.0213587 0.0260059 0.00625461 0.0631941 0.0360713
internal_weight=190277 82195.6 108081 71346.2 64916.4 44674.3 56783 42446.2 26671.9 33090 21785.8 18330.6 43164.7 11162.9 20660.5 23693 10849.4 18655.6 24613.5 8341.24 16056 42321.6 36079.6 16091.4 11592.6 5079.71 4716.08 5416.39 22999.8 23887.8
internal_count=579372 367954 211418 277775 150865 149777 140524 136035 127998 93270 82280 93774 60553 53299 53755 47254 90179 72798 73113 34224 61232 57895 51497 44861 46282 21773 19298 23413 44548 69098
is_linear=0
shrinkage=0.05


Tree=11
num_leaves=31
num_cat=0
split_feature=185 250 222 250 32 68 250 221 183 68 49 217 250 259 215 215 199 233 250 230 254 32 250 259 220 245 245 245 222 245
split_gain=41304.8 15952.8 6993.48 4580.08 3915.29 2379.31 2048.43 2043.08 1560.24 1510.5 1358.06 1084.72 1032.44 1005.09 952.623 801.854 718.088 705.216 702.5 671.573 632.217 556.314 550.345 536.703 524.126 509.81 644.186 564.165 477.901 466.728
threshold=1.0000000180025095e-35 -0.051946073770523064 3.0891253948211674 -0.10473976656794547 19.92499923706055 479.15415954589849 -0.26192043721675867 0.093454532325267806 1.0000000180025095e-35 479.15415954589849 6.0750000476837167 0.85001167654991161 -0.17147718369960782 13.406250000000002 -1.0000000180025095e-35 -1.0000000180025095e-35 0.43685977160930639 1.0000000180025095e-35 -0.028896703384816643 1.0000000180025095e-35 -0.025772007182240483 19.92499923706055 -0.3675589114427566 2.1950483322143559 2.0792715549468999 47.500000000000007 81.500000000000014 45.500000000000007 5.0414702892303476 14.500000000000002
decision_type=2 2 2 2 2 2 2 2 2 2 2 2 2 2 2 2 2 2 2 2 2 2 2 2 2 2 2 2 2 2
left_child=1 3 16 5 6 7 -4 8 11 13 14 -1 -9 15 -8 -5 21 25 -3 24 29 22 -2 -13 -14 27 -27 -16 -12 -17
right_child=2 18 4 9 -6 -7 10 12 -10 -11 28 23 19 -15 17 20 -18 -19 -20 -21 -22 -23 -24 -25 -26 26 -28 -29 -30 -31
leaf_value=0.038108636551303338 0.08313669388325004 -0.025575694721254556 0.065744895593858974 -0.00539013163316615 0.08975043021158273 -0.017006533757925515 0.022907474172211454 0.053422743868404413 0.039911891850257557 -0.042508217949187098 0.060221231195721196 -0.031109437300089943 0.012533169495451938 0.058031045344710021 0.032222983470177491 0.00077465959490361251 0.046234644503953121 0.064895823353620985 -0.052764821070574709 0.083322452421986937 -0.0018181000652409817 0.091860042170616288 0.07034717509290643 0.0023589109347861847 0.036152065027412354 0.054251488382881387 0.00093343236407368981 -0.046964203922325948 0.044785583346349078 0.025644063220480726
leaf_weight=1623.9909424185753 14191.874052673578 3616.3751081377268 11554.900961920619 8601.064061164856 5834.3310304284096 2343.7943024337292 10087.815543308854 11295.559258505702 4468.1865547895432 1514.7024145573378 9692.0561112314463 1766.0301519483328 2728.5352008938789 999.6738004386425 8738.3390922099352 2419.7863144427538 1859.2594249993563 2854.5103779137135 6925.0074862241745 682.41421800851822 4658.5354286134243 6156.911987632513 20650.952634423971 3723.2580728977919 16879.92421130836 5570.7091355919838 630.63521841168404 230.86668783426285 10390.248447060585 8561.4700995832682
leaf_count=5417 17708 26184 20528 42376 6156 14351 30724 25670 15084 10500 19496 10313 10103 3089 25297 11734 4008 6157 64170 1427 23907 6340 31581 17422 51447 13222 2151 958 26176 35676
internal_value=0.0406145 0.0140237 0.0609195 0.0224054 0.0506551 0.0320565 0.0468376 0.0347204 0.0167565 0.00598835 0.0423045 0.00221146 0.041307 0.00889866 0.0352107 0.00687248 0.0766266 0.0420962 -0.0434372 0.0345624 0.0136163 0.0780048 0.0755565 -0.00840863 0.0328655 0.0378062 0.0488294 0.0301847 0.0522351 0.0201639
internal_weight=191252 82808.3 108443 72266.9 65584.4 45511.7 59750.1 43167.9 11581.5 26755.2 48195.2 7113.28 31586.4 25240.5 28112.9 24240.9 42859 18025.1 10541.4 20290.9 15639.8 40999.7 34842.8 5489.29 19608.5 15170.6 6201.34 8969.21 20082.3 10981.3
internal_count=579372 368870 210502 278516 150865 151234 144709 136883 48236 127282 124181 33152 88647 116782 78509 113693 59637 47785 90354 62977 71317 55629 49289 27735 61550 41628 15373 26255 45672 47410
is_linear=0
shrinkage=0.05


end of trees

feature_importances:
breakdown_equipment_failure_zscore=93
avg_event_duration=43
breakdown_and_equipment_failure_time_duration=24
breakdown_equipment_failure_cv_7d=24
id_fabrica_area_encoded=17
ratio_ucl_total=15
quality_defect_loss_zscore=13
avg_breakdown_equipment_failure_subcategoria=11
speed_loss_std_7d=10
concurrent_breakdown_equipment_failure_area_24h=10
dia_semana=8
breakdown_equipment_failure_std_7d=8
process_failure_rolling_24h=7
avg_minor_stoppages_subcategoria=7
minor_stoppages_cv_7d=6
horas_desde_ultimo_breakdown=6
measurement_adjustment_rolling_24h=5
speed_loss_cv_7d=4
diff_breakdown_equipment_failure_vs_subcategoria=4
dia_sin=3
minor_stoppages_std_7d=3
subcategoria_30=3
ucl_time=2
minor_stoppages_duration=2
minor_stoppages_nivel3_duration=2
pm_count_30d=2
horas_desde_ultimo_pm=2
duracion_eventos_criticos=2
mantenimiento_total_duracion_7d=2
breakdown_equipment_failure_rolling_24h=2
ratio_unplanned_total=2
subcategoria_13=2
speed_loss_zscore=2
max_event_duration=1
minor_stoppages_tiempo_pct=1
minor_stoppages_severity_score=1
idle_time_tiempo_pct=1
minor_stoppages_rolling_2h=1
breakdown_equipment_failure_rolling_6h=1
minor_stoppages_rolling_24h_avg=1
process_failure_rolling_24h_avg=1
events_per_hour=1
es_fin_semana=1
dias_desde_ultimo_breakdown=1
subcategoria_23=1
subcategoria_32=1
area_stress_level_24h=1

parameters:
[boosting: gbdt]
[objective: binary]
[metric: auc,binary_logloss]
[tree_learner: serial]
[device_type: cpu]
[data_sample_strategy: bagging]
[data: ]
[valid: ]
[num_iterations: 1000]
[learning_rate: 0.05]
[num_leaves: 31]
[num_threads: -1]
[seed: 42]
[deterministic: 0]
[force_col_wise: 0]
[force_row_wise: 0]
[histogram_pool_size: -1]
[max_depth: -1]
[min_data_in_leaf: 20]
[min_sum_hessian_in_leaf: 0.001]
[bagging_fraction: 0.8]
[pos_bagging_fraction: 1]
[neg_bagging_fraction: 1]
[bagging_freq: 5]
[bagging_seed: 400]
[bagging_by_query: 0]
[feature_fraction: 0.8]
[feature_fraction_bynode: 1]
[feature_fraction_seed: 30056]
[extra_trees: 0]
[extra_seed: 12879]
[early_stopping_round: 0]
[early_stopping_min_delta: 0]
[first_metric_only: 0]
[max_delta_step: 0]
[lambda_l1: 0]
[lambda_l2: 0]
[linear_lambda: 0]
[min_gain_to_split: 0]
[drop_rate: 0.1]
[max_drop: 50]
[skip_drop: 0.5]
[xgboost_dart_mode: 0]
[uniform_drop: 0]
[drop_seed: 17869]
[top_rate: 0.2]
[other_rate: 0.1]
[min_data_per_group: 100]
[max_cat_threshold: 32]
[cat_l2: 10]
[cat_smooth: 10]
[max_cat_to_onehot: 4]
[top_k: 20]
[monotone_constraints: ]
[monotone_constraints_method: basic]
[monotone_penalty: 0]
[feature_contri: ]
[forcedsplits_filename: ]
[refit_decay_rate: 0.9]
[cegb_tradeoff: 1]
[cegb_penalty_split: 0]
[cegb_penalty_feature_lazy: ]
[cegb_penalty_feature_coupled: ]
[path_smooth: 0]
[interaction_constraints: ]
[verbosity: -1]
[saved_feature_importance_type: 0]
[use_quantized_grad: 0]
[num_grad_quant_bins: 4]
[quant_train_renew_leaf: 0]
[stochastic_rounding: 1]
[linear_tree: 0]
[max_bin: 255]
[max_bin_by_feature: ]
[min_data_in_bin: 3]
[bin_construct_sample_cnt: 200000]
[data_random_seed: 175]
[is_enable_sparse: 1]
[enable_bundle: 1]
[use_missing: 1]
[zero_as_missing: 0]
[feature_pre_filter: 1]
[pre_partition: 0]
[two_round: 0]
[header: 0]
[label_column: ]
[weight_column: ]
[group_column: ]
[ignore_column: ]
[categorical_feature: ]
[forcedbins_filename: ]
[precise_float_parser: 0]
[parser_config_file: ]
[objective_seed: 16083]
[num_class: 1]
[is_unbalance: 0]
[scale_pos_weight: 3.9819]
[sigmoid: 1]
[boost_from_average: 1]
[reg_sqrt: 0]
[alpha: 0.9]
[fair_c: 1]
[poisson_max_delta_step: 0.7]
[tweedie_variance_power: 1.5]
[lambdarank_truncation_level: 30]
[lambdarank_norm: 1]
[label_gain: ]
[lambdarank_position_bias_regularization: 0]
[eval_at: ]
[multi_error_top_k: 1]
[auc_mu_weights: ]
[num_machines: 1]
[local_listen_port: 12400]
[time_out: 120]
[machine_list_filename: ]
[machines: ]
[gpu_platform_id: -1]
[gpu_device_id: -1]
[gpu_use_dp: 0]
[num_gpu: 1]

end of parameters

pandas_categorical:[]
